192
-15
-15
-14
-14
-13
-13
-12
-12
-11
-11
-10
-10
-9
-9
-8
-8
-7
-7
-6
-6
-5
-5
-4
-4
-3
-3
-2
-2
-1
-1
0
0
0
0
1
1
2
2
3
3
4
4
5
5
6
6
7
7
8
8
9
9
10
10
11
11
12
12
13
13
14
14
15
15
-11.547
-11.547
-10.3923
-10.3923
-10
-10
-9.2376
-9.2376
-8.0829
-8.0829
-8
-8
-6.9282
-6.9282
-6
-6
-5.7735
-5.7735
-4.6188
-4.6188
-4
-4
-3.4641
-3.4641
-2.3094
-2.3094
-2
-2
-1.1547
-1.1547
0
0
-0
-0
1.1547
1.1547
2
2
2.3094
2.3094
3.4641
3.4641
4
4
4.6188
4.6188
5.7735
5.7735
6
6
6.9282
6.9282
8
8
8.0829
8.0829
9.2376
9.2376
10
10
10.3923
10.3923
11.547
11.547
-11.547
-11.547
-10.3923
-10.3923
-10
-10
-9.2376
-9.2376
-8.0829
-8.0829
-8
-8
-6.9282
-6.9282
-6
-6
-5.7735
-5.7735
-4.6188
-4.6188
-4
-4
-3.4641
-3.4641
-2.3094
-2.3094
-2
-2
-1.1547
-1.1547
-0
-0
-0
-0
1.1547
1.1547
2
2
2.3094
2.3094
3.4641
3.4641
4
4
4.6188
4.6188
5.7735
5.7735
6
6
6.9282
6.9282
8
8
8.0829
8.0829
9.2376
9.2376
10
10
10.3923
10.3923
11.547
11.547
-15
-15
-14
-14
-13
-13
-12
-12
-11
-11
-10
-10
-9
-9
-8
-8
-7
-7
-6
-6
-5
-5
-4
-4
-3
-3
-2
-2
-1
-1
-0
-0
-0
-0
1
1
2
2
3
3
4
4
5
5
6
6
7
7
8
8
9
9
10
10
11
11
12
12
13
13
14
14
15
15
-11.547
-11.547
-10.3923
-10.3923
-10
-10
-9.2376
-9.2376
-8.0829
-8.0829
-8
-8
-6.9282
-6.9282
-6
-6
-5.7735
-5.7735
-4.6188
-4.6188
-4
-4
-3.4641
-3.4641
-2.3094
-2.3094
-2
-2
-1.1547
-1.1547
-0
-0
0
0
1.1547
1.1547
2
2
2.3094
2.3094
3.4641
3.4641
4
4
4.6188
4.6188
5.7735
5.7735
6
6
6.9282
6.9282
8
8
8.0829
8.0829
9.2376
9.2376
10
10
10.3923
10.3923
11.547
11.547
-11.547
-11.547
-10.3923
-10.3923
-10
-10
-9.2376
-9.2376
-8.0829
-8.0829
-8
-8
-6.9282
-6.9282
-6
-6
-5.7735
-5.7735
-4.6188
-4.6188
-4
-4
-3.4641
-3.4641
-2.3094
-2.3094
-2
-2
-1.1547
-1.1547
0
0
0
0
1.1547
1.1547
2
2
2.3094
2.3094
3.4641
3.4641
4
4
4.6188
4.6188
5.7735
5.7735
6
6
6.9282
6.9282
8
8
8.0829
8.0829
9.2376
9.2376
10
10
10.3923
10.3923
11.547
11.547
